Total_epoch:50
link:603 Epoch:0001cost =0.418679774link:603 Epoch:0002cost =0.418211728link:603 Epoch:0003cost =0.417714387link:603 Epoch:0004cost =0.417185754link:603 Epoch:0005cost =0.416623682link:603 Epoch:0006cost =0.416025877link:603 Epoch:0007cost =0.415390044link:603 Epoch:0008cost =0.414713502link:603 Epoch:0009cost =0.413993597link:603 Epoch:0010cost =0.413227558link:603 Epoch:0011cost =0.412412345link:603 Epoch:0012cost =0.411545038link:603 Epoch:0013cost =0.410622388link:603 Epoch:0014cost =0.409641445link:603 Epoch:0015cost =0.408599108link:603 Epoch:0016cost =0.407492697link:603 Epoch:0017cost =0.406319499link:603 Epoch:0018cost =0.405077547link:603 Epoch:0019cost =0.403765351link:603 Epoch:0020cost =0.402382165link:603 Epoch:0021cost =0.400928199link:603 Epoch:0022cost =0.399404824link:603 Epoch:0023cost =0.397814780link:603 Epoch:0024cost =0.396162093link:603 Epoch:0025cost =0.394452453link:603 Epoch:0026cost =0.392693043link:603 Epoch:0027cost =0.390892297link:603 Epoch:0028cost =0.389059514link:603 Epoch:0029cost =0.387204528link:603 Epoch:0030cost =0.385336578link:603 Epoch:0031cost =0.383463562link:603 Epoch:0032cost =0.381591797link:603 Epoch:0033cost =0.379725397link:603 Epoch:0034cost =0.377866536link:603 Epoch:0035cost =0.376015842link:603 Epoch:0036cost =0.374172568link:603 Epoch:0037cost =0.372335076link:603 Epoch:0038cost =0.370501399link:603 Epoch:0039cost =0.368669391link:603 Epoch:0040cost =0.366836607link:603 Epoch:0041cost =0.365000725link:603 Epoch:0042cost =0.363159090link:603 Epoch:0043cost =0.361308515link:603 Epoch:0044cost =0.359445125link:603 Epoch:0045cost =0.357563764link:603 Epoch:0046cost =0.355658710link:603 Epoch:0047cost =0.353723794link:603 Epoch:0048cost =0.351752937link:603 Epoch:0049cost =0.349740803link:603 Epoch:0050cost =0.347683072均方根误差：294.184553
平均绝对百分比误差：216.63%
