Total_epoch:40
link:603 Epoch:0001cost =0.389178395link:603 Epoch:0002cost =0.388895839link:603 Epoch:0003cost =0.388599366link:603 Epoch:0004cost =0.388288230link:603 Epoch:0005cost =0.387962192link:603 Epoch:0006cost =0.387620330link:603 Epoch:0007cost =0.387262255link:603 Epoch:0008cost =0.386887163link:603 Epoch:0009cost =0.386494726link:603 Epoch:0010cost =0.386084139link:603 Epoch:0011cost =0.385654777link:603 Epoch:0012cost =0.385206103link:603 Epoch:0013cost =0.384737372link:603 Epoch:0014cost =0.384248197link:603 Epoch:0015cost =0.383737773link:603 Epoch:0016cost =0.383205891link:603 Epoch:0017cost =0.382651597link:603 Epoch:0018cost =0.382074714link:603 Epoch:0019cost =0.381474465link:603 Epoch:0020cost =0.380850524link:603 Epoch:0021cost =0.380202293link:603 Epoch:0022cost =0.379529536link:603 Epoch:0023cost =0.378831774link:603 Epoch:0024cost =0.378108382link:603 Epoch:0025cost =0.377359420link:603 Epoch:0026cost =0.376584083link:603 Epoch:0027cost =0.375781864link:603 Epoch:0028cost =0.374952406link:603 Epoch:0029cost =0.374094784link:603 Epoch:0030cost =0.373208046link:603 Epoch:0031cost =0.372291237link:603 Epoch:0032cost =0.371342778link:603 Epoch:0033cost =0.370361179link:603 Epoch:0034cost =0.369344234link:603 Epoch:0035cost =0.368290186link:603 Epoch:0036cost =0.367196590link:603 Epoch:0037cost =0.366061360link:603 Epoch:0038cost =0.364882618link:603 Epoch:0039cost =0.363658071link:603 Epoch:0040cost =0.362386793均方根误差：160.217513
平均绝对百分比误差：99.99%
